99110684176
02030147539
21283125615
42020344252
06250596599
41031645622
18321877146
70012059556
50021518682
05232188292
16031769573
29071438224
17242578628
81051033937
05251456165
05071282865
25010756561
10310434147
68021583867
81082372849
70122917436
12230622958
14240667349
33012234995
64031018951
11082886282
10221189846
30052752594
03050221342
72101672523
41042748264
07291643116
03081114415
13282373199
56071844487
05211156641
45091885127
29030449119
35081358492
84081389728
76080348998
31112732778
75052432574
84032911251
18221915911
08300481121
21021791171
28090968334
66121276667
72021623825
36042328488
33030625493
35042746841
90040889882
21280514322
83061234678
70010349822
28061434994
19312291774
16240445778
91051989381
57081789591
59060814489
06073019749
01221572972
76022842791
70112156195
99041527586
16112346142
07012893226
38090523488
81050673697
58121731677
40092177244
89050811437
29072277794
80081757727
99082134628
23111294724
91122544255
09053032242
86093026286
11312523985
20081693953
84112272269
07320176431
02231044268
90071083684
00123069733
44061361993
48061377815
24090914869
75092485637
99051697912
34020271379
09242568613
96080148886
12032483856
45020655319
47022442953
75030933969
75121633815
47050446188
92033015812
49103145393
20050693722
04211221272
45121133851
63080585427
97081944891
34101133464
25082834275
09213064429
96100636287
65050211972
03270218382
12252986388
53102655955
65022664157
96062278123
13261846562
45071934133
32082687413
87070242686
23121059229
68062192192
02050852781
00271652643
06231758163
02100224896
26111839557
12231546776
80030247367
89061436188
41060895953
05100168971
65112557299
91120865842
20040762261
06271942933
62033146324
60031829137
66070372526
89092098236
31082985989
01291644665
07102668251
97121944768
50072999474
31030632413
57052986971
68021095317
51092997976
06290214176
49082257568
11050234374
58082313721
57090347959
58040152443
99022022194
71123121389
47112049893
07080497986
96101148842
94033023152
53062663393
81031133611
47042052912
77060187594
43121739923
45021879183
82072775914
21210661263
49123153334
98120799199
52100391483
10103028478
01100885166
08222732194
21083199287
54100146254
45012474621
85112431599
60091254531
85031641776
16312453869
20320922727
59010451973
15043025754
73031179119
14020272211
09252075459
95041022137
49021896979
57121075127
53062511524
91120533215
59073157322
99082949813
80030297454